b = [0.2561512459880515, -2.7351258472605666, 13.355439890287242, -39.36277852260485, 77.80320420103133, -108.28533020375436, 108.28533020375461, -77.80320420103149, 39.362778522604906, -13.355439890287286, 2.73512584726057, -0.2561512459880523]
[6:18 PM] 
a = [1.0, -8.019076319205409, 29.77627466913364, -67.3984063871877, 103.12701799796893, -111.81451478864898, 87.5113454840924, -49.335788145788015, 19.57261129473561, -5.174618732524056, 0.8109687107549131, -0.05543729181413917]
